100,100,100,100&75.033456=43.391209/69.784355=135.591342/11.371464=95.685732/70.460076=160.988591/71.818157=125.935675/57.419209
100,80
90,90,90,90&75.033456=44.391209/69.784355=135.591342/11.371464=95.685732/75.815158=186.188980/71.818157=125.935675/59.693501
100,81
80,80,80,80&75.033456=43.391209/69.784355=135.591342/11.371464=95.685732/75.815158=186.188980/77.201636=159.186578/60.764518
80,81
70,70,70,70&93.919678=45.390503/69.784355=135.591342/11.371464=95.685732/85.815158=196.188980/77.201636=159.186578/61.841214
80,82
60,60,60,60&93.919678=47.390503/75.244129=165.298937/11.371464=95.685732/85.815158=196.188980/97.201636=159.186578/65.618458
80,90
50,50,50,50&93.919678=43.390503/75.244129=165.298937/1.941148=90.970574/85.815158=196.188980/97.201636=159.186578/66.710413
80,89
40,40,40,40&93.919678=44.390503/75.244129=165.298937/1.941148=90.970574/76.010937=187.110293/97.201636=159.186578/64.824350
80,89
30,30,30,30&93.919678=45.390503/75.244129=165.298937/1.941148=90.970574/76.010937=187.110293/57.807003=162.925606/64.863506
80,89
20,20,20,20&88.646684=42.994710/75.244129=165.298937/1.941148=90.970574/76.010937=187.110293/57.807003=162.925606/64.984579
70,88
10,10,10,10&88.646684=42.994710/75.702293=167.791889/1.941148=90.970574/76.010937=187.110293/57.807003=162.925606/63.929980
70,88
0,0,0,0&88.646684=42.994710/75.702293=167.791889/15.707449=82.146276/76.010937=187.110293/77.807003=162.925606/64.021613
70,89